13.20000000 236.00000000 58.00000000 21.20000000
10.00000000 263.00000000 48.00000000 44.50000000
8.10000000 294.00000000 80.00000000 31.00000000
8.80000000 190.00000000 50.00000000 19.50000000
9.00000000 276.00000000 91.00000000 40.60000000
7.90000000 204.00000000 78.00000000 38.70000000
3.30000000 110.00000000 77.00000000 11.10000000
5.90000000 238.00000000 72.00000000 15.80000000
15.40000000 335.00000000 80.00000000 31.90000000
17.40000000 211.00000000 60.00000000 25.80000000
5.30000000 46.00000000 83.00000000 20.20000000
2.60000000 120.00000000 54.00000000 14.20000000
10.40000000 249.00000000 83.00000000 24.00000000
7.20000000 113.00000000 65.00000000 21.00000000
2.20000000 56.00000000 57.00000000 11.30000000
6.00000000 115.00000000 66.00000000 18.00000000
9.70000000 109.00000000 52.00000000 16.30000000
15.40000000 249.00000000 66.00000000 22.20000000
2.10000000 83.00000000 51.00000000 7.80000000
11.30000000 300.00000000 67.00000000 27.80000000
4.40000000 149.00000000 85.00000000 16.30000000
12.10000000 255.00000000 74.00000000 35.10000000
2.70000000 72.00000000 66.00000000 14.90000000
16.10000000 259.00000000 44.00000000 17.10000000
9.00000000 178.00000000 70.00000000 28.20000000
6.00000000 109.00000000 53.00000000 16.40000000
4.30000000 102.00000000 62.00000000 16.50000000
12.20000000 252.00000000 81.00000000 46.00000000
2.10000000 57.00000000 56.00000000 9.50000000
7.40000000 159.00000000 89.00000000 18.80000000
11.40000000 285.00000000 70.00000000 32.10000000
11.10000000 254.00000000 86.00000000 26.10000000
13.00000000 337.00000000 45.00000000 16.10000000
0.80000000 45.00000000 44.00000000 7.30000000
7.30000000 120.00000000 75.00000000 21.40000000
6.60000000 151.00000000 68.00000000 20.00000000
4.90000000 159.00000000 67.00000000 29.30000000
6.30000000 106.00000000 72.00000000 14.90000000
3.40000000 174.00000000 87.00000000 8.30000000
14.40000000 279.00000000 48.00000000 22.50000000
3.80000000 86.00000000 45.00000000 12.80000000
13.20000000 188.00000000 59.00000000 26.90000000
12.70000000 201.00000000 80.00000000 25.50000000
3.20000000 120.00000000 80.00000000 22.90000000
2.20000000 48.00000000 32.00000000 11.20000000
8.50000000 156.00000000 63.00000000 20.70000000
4.00000000 145.00000000 73.00000000 26.20000000
5.70000000 81.00000000 39.00000000 9.30000000
2.60000000 53.00000000 66.00000000 10.80000000
6.80000000 161.00000000 60.00000000 15.60000000
